| round | comment ratio | post ratio | pay2post | average donut price |
|:----|:-------:|:-------:|:-------:|:-------:|
| 135 | 1.06 | 16.56 | 0 | 0.028205 |
| 136 | 1.24 | 22.15 | 0 | 0.015705 |
| 137 | 1.6873 | 17.8772 | 17.8772 | 0.012415 |
| 138 | 27.78978 | 29.50349 | 73.75872 | 0.009826 |
| 139 | 13.82947 | 20.00797 | 50.01993 | 0.0079505 |
| 140 | 9.863470 | 16.34693 | 40.86733 | 0.0076395 |
| 141 | 9.591470 | 19.98876 | 49.9719 | 0.0061165 |
| 142 | 19.24787 | 26.83549 | 67.08872 | 0.005647 |
| 143 | 37.10186 | 38.48000 | 96.2 | 0.00505 |
| 144 | 45.35949 | 44.78768 | 111.96920 | 0.00524 |
| 145 | 64.51144 | 145.2643 | 250 | 0.0036995 |
| 146 | 77.44980 | 169.9232 | 250 | 0.0025915 |
| 147 | 110.7836 | 259.4109 | 250 | 0.0018095 |
| 148 | 118.3916 | 282.5048 | 250 | 0.0014230 |
| 149 | 158.3489 | 408.3250 | 250 | 0.0014655 |
| 150 | 123.6722 | 376.1616 | 250 | - |
| 151 | 145.7938 | 420.7094 | 250 | - |