0.000733094
0.000337728
0.000347823
0.00038648
0.000324452
0.000325443
0.000323207
0.000482111
0.000390917
0.000312454
0.000207296
0.00018929
0.000294201
0.000229869
0.000365607
0.000385966
0.000418808
0.001126512
0.000556944
0.000277596
0.000285517
0.000218836
0.000224893
0.000269214
0.000398576
0.0010623175
0.0003447497
0.0012656403
0.0003938631
0.0008598639
0.0005454552
0.0010765903
0.0005531055
0.0010870541
0.0007091907
0.0010784721
0.0010453922
0.0010844513
0.0010432783
0.0010728538
0.0004806181
0.0010711786
0.0005826681
0.0008094338
0.0529957671
0.0002650189
0.0002162559
0.0002735307
0.0007645326
0.0005080171
0.0003173081
0.0009977195
0.0003728239
0.0009941865
0.000368531
0.0009944519
0.0004370801
0.0010106245
0.0004263643
0.0010326424
0.0003468411
0.0010294968
0.0006837119
0.0010231097
0.000493788
0.0010369933
0.0004491854
0.0010473848
0.0004073343
0.0010607886
0.0004241172
0.0010400307
0.0003715683
0.0011261332
0.0003675681
0.0010457129
0.0003894708
0.0010577293
0.0005319504
0.0010586726
0.0003239958
0.0010394276
0.0004421934
0.0010403265
0.0004239564
0.0010476794
0.0002895312
0.0010506722
0.0003641181
0.0010314248
0.0002765322
0.0010125608
0.000204321
0.0010068188
0.0002331544
0.0009947497
0.0002316548
0.0009852792
0.0002420524
0.0009953931
0.0004330947
0.0010563146
0.0003459577
0.0010729361
0.000278009
0.0010575525
0.0004564191
0.0010625158
0.0002758514
0.0010717066
0.0002201674
0.0010982503
0.0003210279
0.0010760087
0.0005977512
0.0010645675
0.0002998885
0.0010564013
0.0002231821
0.001072288
0.0002958084
0.0010610465
0.0003316539
0.0010502676
0.0003723158
0.0011021466
0.0002771073
0.0011099899
0.0002877931
0.0010945412
0.0001905647
0.00108233
0.0001415344
0.0010876404
0.0001777835
0.0010819631
0.000238513
0.0010861345
0.0002659344
0.0010847682
0.0002941842
0.0010846486
0.0002735051
0.0010438609
0.0002684189
0.0010703453
0.0003271331
0.0010484212
0.0003460918
0.0010560915
0.0012703664
0.0013067461
0.0013675241
0.0013551988
0.0014002218
0.0014798397
0.0013587639
0.0001428903
0.0011087738
0.001256387
0.0013135888
0.0012499808
0.0014633472
0.0013598164
0.0013124741
0.0019351512
0.0013105126
0.0013245244
0.0015005907
0.0010785384
0.0001256103
0.0010893946
0.0003304399
0.0011030848
0.0003161005